comb4list <- list(c("v100","v40","v50","v66"),
c("v34","v40","v47","v66"),
c("v34","v47","v56","v66"),
c("v34","v40","v50","v66"),
c("v31","v40","v50","v66"),
c("v31","v47","v56","v66"),
c("v114","v31","v50","v66"),
c("v114","v47","v50","v66"),
c("v31","v47","v50","v56"),
c("v24","v50","v66","v72"),
c("v24","v40","v47","v56"),
c("v21","v40","v50","v66"),
c("v40","v50","v56","v66"),
c("v113","v31","v50","v56"),
c("v129","v50","v56","v66"),
c("v114","v14","v47","v50"),
c("v113","v12","v24","v66"),
c("v24","v34","v50","v66"),
c("v114","v40","v47","v66"),
c("v24","v45","v56","v66"),
c("v114","v14","v50","v66"),
c("v30","v40","v47","v66"),
c("v24","v31","v50","v66"),
c("v10","v24","v50","v66"),
c("v12","v47","v50","v66"),
c("v129","v40","v50","v56"),
c("v12","v40","v50","v66"),
c("v10","v34","v47","v66"),
c("v113","v40","v50","v66"),
c("v10","v31","v56","v66"),
c("v10","v113","v14","v66"),
c("v24","v34","v40","v66"),
c("v10","v40","v50","v66"),
c("v113","v31","v50","v66"),
c("v40","v50","v66","v7"),
c("v24","v34","v47","v66"),
c("v113","v34","v50","v66"),
c("v12","v24","v47","v66"),
c("v14","v34","v50","v66"),
c("v10","v114","v47","v66"),
c("v31","v47","v50","v66"),
c("v114","v24","v50","v66"),
c("v10","v113","v24","v66"),
c("v113","v14","v50","v66"),
c("v113","v12","v14","v66"),
c("v24","v40","v50","v66"),
c("v129","v40","v50","v66"),
c("v113","v114","v47","v66"),
c("v14","v24","v47","v66"),
c("v21","v47","v50","v66"),
c("v10","v24","v47","v66"),
c("v24","v34","v47","v50"),
c("v10","v114","v50","v66"),
c("v34","v47","v50","v66"),
c("v10","v12","v47","v66"),
c("v38","v47","v50","v66"),
c("v113","v50","v56","v66"),
c("v12","v14","v47","v66"),
c("v31","v50","v56","v66"),
c("v21","v50","v66","v74"),
c("v14","v40","v50","v66"),
c("v21","v24","v47","v50"),
c("v114","v129","v50","v66"),
c("v113","v24","v31","v66"),
c("v113","v21","v50","v66"),
c("v30","v34","v50","v66"),
c("v10","v47","v56","v66"),
c("v14","v31","v50","v66"),
c("v113","v114","v50","v66"),
c("v129","v50","v56","v68"),
c("v10","v31","v40","v66"),
c("v113","v47","v50","v66"),
c("v113","v14","v24","v66"),
c("v24","v40","v47","v50"),
c("v30","v47","v50","v66"),
c("v31","v40","v47","v66"),
c("v3","v40","v50","v66"),
c("v14","v38","v50","v66"),
c("v10","v12","v31","v66"),
c("v10","v113","v12","v31"),
c("v114","v24","v47","v50"),
c("v12","v31","v47","v66"),
c("v129","v31","v50","v66"),
c("v14","v40","v47","v66"),
c("v24","v30","v34","v47"),
c("v114","v40","v50","v66"),
c("v10","v34","v50","v66"),
c("v10","v113","v50","v66"),
c("v24","v31","v56","v66"),
c("v40","v50","v60","v66"),
c("v113","v24","v40","v47"),
c("v113","v14","v47","v66"),
c("v31","v50","v56","v68"),
c("v129","v24","v50","v66"),
c("v24","v47","v56","v66"),
c("v100","v47","v50","v66"),
c("v113","v34","v47","v66"),
c("v24","v40","v47","v66"),
c("v24","v31","v47","v50"),
c("v113","v129","v14","v66"),
c("v12","v50","v56","v66"),
c("v10","v113","v31","v66"),
c("v40","v47","v50","v74"),
c("v113","v24","v31","v56"),
c("v113","v24","v47","v66"),
c("v10","v113","v40","v66"),
c("v12","v21","v50","v56"),
c("v10","v113","v12","v24"),
c("v113","v24","v40","v66"),
c("v47","v50","v66","v72"),
c("v24","v30","v47","v66"),
c("v113","v24","v50","v66"),
c("v30","v50","v56","v66"),
c("v34","v50","v56","v66"),
c("v113","v40","v47","v50"),
c("v114","v34","v47","v66"),
c("v12","v24","v40","v66"),
c("v113","v40","v47","v66"),
c("v10","v47","v50","v66"),
c("v10","v31","v34","v66"),
c("v24","v30","v40","v47"),
c("v31","v45","v56","v66"),
c("v24","v47","v50","v66"),
c("v31","v40","v56","v66"),
c("v114","v24","v47","v66"),
c("v21","v34","v50","v66"),
c("v24","v31","v47","v66"),
c("v10","v50","v56","v66"),
c("v114","v34","v47","v50"),
c("v10","v31","v47","v66"),
c("v24","v40","v56","v66"),
c("v24","v34","v47","v56"),
c("v10","v100","v47","v66"),
c("v10","v40","v47","v66"),
c("v12","v34","v50","v66"),
c("v10","v14","v50","v66"),
c("v40","v47","v50","v66"),
c("v40","v47","v56","v66"),
c("v31","v34","v47","v66"),
c("v10","v21","v50","v66"),
c("v38","v50","v66","v78"),
c("v113","v114","v24","v66"),
c("v21","v40","v47","v50"),
c("v10","v12","v24","v47"),
c("v14","v47","v50","v66"),
c("v10","v113","v47","v66"),
c("v14","v24","v50","v66"),
c("v47","v50","v56","v66"),
c("v12","v24","v47","v56"),
c("v129","v47","v50","v66"),
c("v113","v129","v24","v66"),
c("v34","v50","v60","v66"),
c("v14","v47","v56","v66"),
c("v24","v34","v40","v47"))
