comb2List <- list(c("v50","v6"),
c("v21","v5"),
c("v10","v12"),
c("v50","v78"),
c("v115","v52"),
c("v21","v24"),
c("v50","v66"),
c("v30","v40"),
c("v129","v24"),
c("v3","v50"),
c("v39","v66"),
c("v34","v56"),
c("v113","v12"),
c("v114","v22"),
c("v120","v50"),
c("v50","v90"),
c("v12","v52"),
c("v34","v91"),
c("v12","v58"),
c("v14","v22"),
c("v1","v45"),
c("v40","v66"),
c("v125","v34"),
c("v2","v21"),
c("v66","v74"),
c("v31","v56"),
c("v114","v12"),
c("v24","v30"),
c("v125","v22"),
c("v113","v22"),
c("v125","v52"),
c("v39","v50"),
c("v12","v42"),
c("v10","v47"),
c("v112","v34"),
c("v21","v72"),
c("v41","v49"),
c("v10","v66"),
c("v50","v98"),
c("v10","v114"),
c("v21","v74"),
c("v113","v21"),
c("v12","v66"),
c("v24","v45"),
c("v21","v45"),
c("v50","v52"),
c("v131","v50"),
c("v12","v88"),
c("v1","v40"),
c("v34","v40"),
c("v24","v50"),
c("v22","v56"),
c("v113","v80"),
c("v122","v50"),
c("v14","v38"),
c("v10","v91"),
c("v49","v56"),
c("v10","v56"),
c("v50","v68"),
c("v16","v34"),
c("v31","v66"),
c("v106","v56"),
c("v112","v14"),
c("v34","v52"),
c("v50","v69"),
c("v113","v56"),
c("v12","v47"),
c("v10","v24"),
c("v50","v80"),
c("v125","v47"),
c("v113","v66"),
c("v21","v69"),
c("v113","v50"),
c("v38","v56"),
c("v115","v34"),
c("v14","v39"),
c("v14","v72"),
c("v14","v50"),
c("v113","v131"),
c("v21","v56"),
c("v114","v47"),
c("v125","v14"),
c("v113","v24"),
c("v50","v91"),
c("v12","v99"),
c("v125","v24"),
c("v58","v85"),
c("v1","v50"),
c("v56","v85"),
c("v21","v47"),
c("v12","v71"),
c("v125","v18"),
c("v21","v6"),
c("v50","v72"),
c("v131","v34"),
c("v40","v52"),
c("v21","v58"),
c("v10","v21"),
c("v127","v56"),
c("v66","v71"),
c("v34","v50"),
c("v131","v27"),
c("v30","v66"),
c("v45","v56"),
c("v100","v114"),
c("v45","v66"),
c("v56","v88"),
c("v14","v78"),
c("v21","v85"),
c("v112","v56"),
c("v100","v80"),
c("v30","v34"),
c("v114","v40"),
c("v50","v99"),
c("v44","v56"),
c("v10","v125"),
c("v12","v18"),
c("v14","v21"),
c("v113","v14"),
c("v114","v52"),
c("v47","v56"),
c("v56","v80"),
c("v24","v40"),
c("v100","v14"),
c("v45","v50"),
c("v113","v47"),
c("v22","v40"),
c("v113","v34"),
c("v1","v56"),
c("v30","v91"),
c("v112","v40"),
c("v112","v21"),
c("v24","v72"),
c("v22","v52"),
c("v31","v47"),
c("v30","v56"),
c("v10","v62"),
c("v10","v40"),
c("v38","v66"),
c("v56","v66"),
c("v21","v52"),
c("v112","v114"),
c("v31","v50"),
c("v113","v125"),
c("v100","v66"),
c("v14","v66"),
c("v34","v47"),
c("v38","v50"),
c("v1","v14"),
c("v24","v66"),
c("v40","v47"),
c("v24","v56"),
c("v14","v24"),
c("v50","v7"),
c("v100","v27"),
c("v114","v14"),
c("v10","v50"),
c("v114","v50"),
c("v40","v74"),
c("v12","v30"),
c("v115","v21"),
c("v112","v113"),
c("v24","v31"),
c("v125","v56"),
c("v56","v99"),
c("v52","v6"),
c("v12","v56"),
c("v100","v56"),
c("v14","v47"),
c("v114","v71"),
c("v113","v45"),
c("v10","v14"),
c("v56","v68"),
c("v21","v22"),
c("v50","v85"),
c("v40","v50"),
c("v12","v40"),
c("v129","v66"),
c("v19","v50"),
c("v47","v66"),
c("v113","v114"),
c("v34","v51"),
c("v50","v6"),
c("v56","v72"),
c("v129","v50"),
c("v125","v21"),
c("v50","v56"),
c("v22","v34"),
c("v114","v58"),
c("v12","v91"),
c("v21","v40"),
c("v24","v68"),
c("v14","v80"),
c("v39","v6"),
c("v131","v6"),
c("v12","v39"),
c("v12","v21"),
c("v12","v125"),
c("v12","v14"),
c("v56","v87"),
c("v45","v47"),
c("v24","v6"),
c("v113","v72"),
c("v12","v50"),
c("v14","v40"),
c("v100","v40"),
c("v47","v50"),
c("v56","v58"),
c("v24","v34"),
c("v115","v50"),
c("v24","v62"),
c("v39","v56"),
c("v100","v24"),
c("v52","v56"),
c("v18","v21"),
c("v12","v24"),
c("v113","v40"),
c("v30","v47"),
c("v12","v5"),
c("v50","v60"),
c("v14","v52"),
c("v127","v98"),
c("v12","v120"),
c("v50","v74"),
c("v66","v72"),
c("v112","v52"),
c("v100","v50"),
c("v45","v72"),
c("v40","v56"),
c("v34","v6"),
c("v125","v40"),
c("v125","v50"),
c("v114","v34"),
c("v34","v35"),
c("v127","v39"),
c("v114","v66"),
c("v24","v47"),
c("v45","v90"),
c("v12","v38"),
c("v50","v97"),
c("v21","v5"),
c("v30","v50"),
c("v112","v12"),
c("v14","v34"),
c("v120","v45"),
c("v38","v78"),
c("v114","v125"),
c("v114","v56"),
c("v127","v21"),
c("v114","v21"),
c("v22","v50"),
c("v12","v34"),
c("v34","v66"),
c("v14","v56"),
c("v12","v22"),
c("v40","v99"),
c("v11","v50"),
c("v12","v85"),
c("v29","v77"),
c("v24","v52"),
c("v12","v78"),
c("v28","v50"),
c("v112","v47"),
c("v114","v24"),
c("v80","v99"),
c("v129","v56"),
c("v127","v19"),
c("v14","v99"),
c("v21","v34"),
c("v10","v52"),
c("v10","v113"),
c("v10","v34"),
c("v112","v50"),
c("v100","v47"),
c("v21","v66"),
c("v1","v120"),
c("v115","v12"))
